[0.526, 0.254, 0.486]
[0.546, -0.256, 0.451]
[0.489, -0.044, 0.420]
[0.534, 0.316, 0.393]
[0.487, 0.035, 0.416]
[0.524, -0.034, 0.554]
[0.518, -0.090, 0.469]
[0.479, -0.002, 0.306]
[0.546, 0.252, 0.415]
[0.522, -0.265, 0.372]
[0.552, 0.009, 0.553]
[0.476, 0.281, 0.322]
[0.541, -0.049, 0.490]
[0.475, -0.398, 0.253]
[0.516, -0.101, 0.396]
[0.499, -0.053, 0.349]
[0.508, -0.161, 0.435]
[0.482, -0.065, 0.554]
[0.456, 0.006, 0.239]
[0.479, 0.022, 0.347]
[0.516, -0.101, 0.396]
[0.499, -0.053, 0.349]
[0.508, -0.161, 0.435]
[0.516, -0.101, 0.396]
[0.516, -0.101, 0.396]
[0.499, -0.053, 0.349]
[0.508, -0.161, 0.435]
[0.482, -0.065, 0.554]
[0.456, 0.006, 0.239]
[0.479, 0.022, 0.347]
[0.488, 0.088, 0.357]
[0.494, -0.115, 0.561]
[0.435, -0.032, 0.236]
[0.523, 0.123, 0.549]
[0.463, -0.087, 0.248]
