[0.5832146738278258, -0.601180689029486, 0.6880662190615014]
[0.498741865145934, -0.07786456239642826, 0.5547362650724114]
[0.5910881617717474, -0.6204218032373672, 0.6399770148880255]
[3.7268339586533337, -3.536235747487197, 1.837986870222255]
[0.6107604950402202, -0.6456603112486548, 0.6613382656521823]
[0.5799773391979574, -0.610183361379105, 0.6845782390420928]
[0.5103244816919025, 0.10268146881901016, 0.5150910762355303]
[0.5145187452311729, -0.01670710832627644, 0.6579378119908968]
[0.6165134700459335, -0.6592477493101974, 0.6633980700338502]
[0.4999945817446161, 0.09460294521023746, 0.5180051681900573]
[0.5089740653681989, -0.02835058815799269, 0.5061531324772859]
[0.599219896816069, -0.6422387433077603, 0.6517750453836558]
[0.5690697805776904, -0.5872522773194384, 0.6786089530826342]
[0.5157152263505714, -0.027303155043543866, 0.5015372935587071]
[0.5033446838183272, -0.07981626488614833, 0.5502389007199824]
[0.5023723193244004, -0.08252623515988884, 0.55025271674976]
[0.5544612565802695, -0.2690706540612144, 0.5665971196593877]
[0.5492581686635976, -0.2657846357428595, 0.5628056255549927]
[0.6260110147088608, -0.6564440953886725, 0.6594592897590114]
[3.7283754805443223, -2.9623706504594183, 2.175117263270878]
[0.5146671230042774, -0.027255652399049923, 0.5001812252428726]
[0.49211538702181323, -0.07853297669381097, 0.548720510564509]
[0.4962500234833809, -0.08181128583915354, 0.5481288612138848]
[0.5673513355580948, -0.5861073985023788, 0.676418400745455]
[0.6127583937444666, -0.6400517538624966, 0.6540739568533114]
[0.5492581686635976, -0.2657846357428595, 0.5628056255549927]
[0.5225612506451223, 0.09532350301687925, 0.5165603912398521]
[0.5219734342930524, -0.027622900982524477, 0.5007211211782506]
[0.5673513355580948, -0.5861073985023788, 0.676418400745455]
[0.5043655289816467, -0.07993292744908811, 0.5503769361886618]
[0.6148123815765172, -0.6461856681432248, 0.6566890215544616]
[0.6307276477777704, -0.6670057469631461, 0.662917165699972]
[0.5033875293100306, -0.08265130045174487, 0.5490839907996491]
[0.5806219500456777, -0.5906034812046992, 0.6813509596901213]
[0.553493644772485, -0.2687807737111276, 0.5620099486339275]
[0.5979770960653242, -0.4788003549628933, 0.45638581041383386]
[0.5258611095231229, 0.09563552285198157, 0.5168656153067804]
[0.5162109409446921, -0.0259144564561612, 0.5002512480455844]
[0.5613573926590244, -0.5820767810876242, 0.6748199176492549]
[0.5033875293100306, -0.08265130045174487, 0.5490839907996491]
[0.6042634743042202, -0.6341164613209787, 0.6539095215938309]
[0.6003623626869318, -0.47807477113472185, 0.4564126842003822]
[0.5496887178884498, -0.26754642933790196, 0.5629488381502071]
[0.6146441584580739, -0.6228476330285737, 0.6352688511620829]
[0.5596475645268877, -0.27238695277255653, 0.5674386710683619]
[0.5729045403518641, -0.5854515861953444, 0.679281003116342]
[0.6116035415760406, -0.6253978731582202, 0.6349294446001321]
[0.5286132562153203, -0.09253450702930782, 0.5538280198104123]
[0.5267240825312627, -0.03647180522331857, 0.5010464399611313]
[0.5573727385061937, -0.589033819937508, 0.6752444412189997]
[4.5276966349584935, -2.2631316192315425, 2.08301561039281]
[4.438339113234137, -2.2606851686361074, 2.0649566868870473]
[0.5570356971525905, -0.02472759195043476, 0.6674726309984057]
[0.5473191875718311, -0.2650432705569383, 0.5616687501879998]
[0.5634651299176693, -0.02780395470164771, 0.6679019532727217]
[0.5495945860927296, -0.3273290577928498, 0.5927829889171579]
[0.5205351174931219, -0.09178730593266807, 0.5527343120897585]
[0.5982666500662679, -0.6223219681097585, 0.6866473545165993]
[0.5174776397209083, -0.036227567053194895, 0.49906191105013]
[4.318811399803429, -2.223422584459191, 2.025758092454386]
[3.2606193274682034, -3.1370224719250372, 1.6738332943852403]
[0.5529066500422501, -0.024680779070737055, 0.6649608477474531]
[0.5562534705699774, -0.027687455226585785, 0.6660395786561641]
[0.5369349142712353, -0.2651978857448595, 0.5603230376772076]
[0.5577208785890895, -0.3904516300697305, 0.5572787184227286]
[4.404225008045104, -2.2251978989095456, 2.0516725588161213]
[0.5416363656835251, -0.32612464805097546, 0.5914549160049825]
[0.5269652311537203, -0.09093672851560658, 0.5535476261399013]
[0.5195355309732592, -0.0362776650306529, 0.500515630002618]
[0.5920999478618482, -0.6182516319701091, 0.686721924660073]
[0.5382540533511145, 0.08573168951334052, 0.518241056152334]
[0.5698054434205745, -0.3956118816574777, 0.5573670418905677]
[3.0775426751657484, 0.22469673885967362, 1.6555985607053292]
[0.5373197026987889, -0.26373647513686344, 0.5603158219257793]
[0.5574205934406945, -0.023254770608327875, 0.6660176921649961]
[0.5298048903418355, -0.03655500816303245, 0.5012739299433513]
[0.5938580402899872, -0.6194196927180179, 0.6854623419349481]
[0.5219141961705773, -0.0904780768138727, 0.5528641000378083]
[4.445152575196552, -2.234671858970576, 2.046923476952664]
[0.5373197026987889, -0.26373647513686344, 0.5603158219257793]
[0.5893813699923081, -0.4776114337274074, 0.45925269929386564]
[0.5286596900650341, 0.08463657555319472, 0.5186271426333202]
[3.1397216591703963, -3.042060463874427, 1.6259615753297765]
[0.5467393405465628, -0.15364488199596033, 0.5998784709738827]
[0.5522625988407055, -0.023197418334782116, 0.6646875522742212]
[4.24742541485309, -2.1800949391000235, 1.9919726804468505]
[0.523639226003524, -0.036394012134440275, 0.4995073869345383]
[4.091545653257256, 0.24363470027509632, 2.0462804622128377]
[0.5798465516055848, -0.6058383708969868, 0.6814149632361017]
[0.5921185444474566, -0.4789984462059078, 0.4593161086098248]
[0.5418506921932528, 0.08761688895521443, 0.5172353589707902]
[3.280424948483818, -3.1757041892191715, 1.6750091907836961]
[3.899834039527491, -0.15792212147817203, 1.9719161302266404]
[4.219546579871265, 0.27397743304419503, 2.0749301582950013]
[0.5392417925401598, -0.26429334250997644, 0.5605878666577918]
[3.2248623502538125, -3.1588128646842284, 1.6584170289721385]
[0.6043332628714981, -0.3000811666192019, 0.5908129768520485]
[0.5302114824723954, -0.04187683240098894, 0.5034701586013245]
[0.5814621777919513, -0.48173267506398465, 0.46034775635423036]
[0.5636644951027358, -0.16143715437195488, 0.6043661436488887]
[0.5741210127918445, -0.27758985741079734, 0.5804974901460256]
[3.2623065064461625, 0.14942440351813063, 1.7219403150777945]
[0.540875404628677, -0.044782162339434356, 0.5043391086977168]
[0.5621598442158524, -0.1642736589558802, 0.6027378777567252]
[0.552453547437668, -0.10209535383788437, 0.5591965729937486]
[0.5631236234987425, -0.17048613030610155, 0.6031351791336436]
[0.5543801374334518, -0.4041709183553759, 0.5575890429483995]
[0.5375808913381374, -0.04622453117817917, 0.5027662007241174]
[3.2597659748478063, 0.25222853804145806, 1.7767545874221413]
[3.1638825462646394, 0.25009746871344196, 1.7039006584035503]
[0.560180805566286, -0.1639935366922156, 0.6038229736957453]
[0.5323949531130919, -0.03687092015603237, 0.6611698047205321]
[0.5607357922783308, -0.4085320253447279, 0.5584997100779365]
[0.5594197755475511, -0.1684279089377359, 0.6038445090328963]
[0.5630621143851269, -0.28273866726980973, 0.5657438741920715]
[0.5822068199770578, -0.5010602954462344, 0.46205477385374755]
[0.5444280430415156, -0.04771770242296652, 0.503306350562829]
[3.405662107346665, 0.1445525826820987, 1.7806137942750544]
[3.7496173430336723, -0.06395880177780112, 1.9195898221523295]
[3.1453726360170107, 0.2485983871270109, 1.7092985000453593]
[0.5303626141559703, -0.03688287869789243, 0.6606404248114639]
[0.5569534611442565, -0.16505624644677402, 0.6032725497863451]
[0.5517011085147837, -0.10056607363747133, 0.5590508530677654]
[3.6944142409427023, -0.08388857123846018, 1.9008734191230365]
[0.5777950637556364, -0.41559082594376295, 0.5623456921786425]
[0.5564478393607981, -0.16800240513710465, 0.6032868576786878]
[0.5803623035438169, -0.5058781764700944, 0.46052761031829537]
[0.5396086955937887, -0.04623467961495129, 0.50291850667159]
[0.5240953241022143, 0.06417218648207543, 0.5205742122172833]
[0.5293464446774095, -0.03688885796882245, 0.6603757348569297]
[0.5619095318892392, -0.1657488493764519, 0.6042018882381904]
[0.5768434144015255, -0.41520499092985585, 0.5606923012230164]
[0.6197641307013886, -0.6295752363608692, 0.3355483750884863]
[0.5614010663387198, -0.16871157813815674, 0.6042162766023687]
[0.5591871915853253, -0.28167944726053823, 0.5666487389801235]
[0.5580977143480158, -0.10378161791883381, 0.5598268413897777]
[0.5743687351007722, -0.509810063546723, 0.4598604687382295]
[0.5416071045590627, -0.06671289600408148, 0.302545551377133]
[0.5405620857754018, -0.27889903778562253, 0.5658727579022276]
[4.562787281373035, -3.356437294517103, 1.609361797663133]
[0.5905341572786379, -0.05026188106553338, 0.5071937875371159]
[0.516594851255113, 0.278307165685503, 0.5751103760664942]
[0.5414147595228831, -0.28065264060542533, 0.5632124259703585]
[0.5676636151657681, -0.42375575336390675, 0.5619656253141609]
[0.5572939551205185, -0.2953910607793396, 0.5858341805454357]
[0.5676267933509485, -0.5064755359891153, 0.46259429933082885]
[3.4422565426554, -2.67510379158558, 0.04037800664051033]
[0.48610404897335246, -0.042371159484728194, 0.6486425577235029]
[0.566404529619551, -0.05078525091702975, 0.5053593265850043]
[0.5849857693395017, -0.10633789837871448, 0.5635842022545572]
[0.49404485075937477, -0.04346564450359809, 0.6507553902745776]
[4.44492814977596, -3.288751037594173, 1.5813574570788658]
[0.5124359023150405, 0.2765743077175036, 0.5744283310237152]
[0.5140928096607424, 0.27234981797075536, 0.5747938665236818]
[0.5673311942107843, -0.5100367955211376, 0.46261144693880163]
[0.542998580876928, 0.06575265076882138, 0.5224652974251155]
[0.5303505736369725, -0.28096578223226254, 0.5630417775381417]
[0.5798621296525226, -0.1076377982496677, 0.5643408418566387]
[0.5206116455299825, 0.27832740143073875, 0.5758006674542018]
[4.0001173368795575, 0.4082874735311333, 2.0249603731645163]
[0.502213207666808, -0.04181863695677526, 0.6528550224286147]
[0.5748832964109252, -0.42142141386410126, 0.5628916258915304]
[0.5780825296591217, -0.5134950215451086, 0.46289680113383447]
[0.5612251113573793, -0.2964017951959179, 0.5864970274426443]
[0.570937311126145, -0.0566634578069863, 0.5071741502787055]
[0.5235878935300536, 0.2779046756981488, 0.5763204945133438]
[0.49505471983938953, -0.043426503975266026, 0.6523829261130755]
[0.5789835149918983, -0.10609669962320781, 0.5627508070347342]
[0.5304737766702265, -0.2794814816476718, 0.5630346305710898]
[0.5747472565169718, -0.42309508606129165, 0.5643753769361528]
[0.5748174490533567, -0.504438496416086, 0.4612949860422833]
[0.5388098539025283, 0.06362264235511249, 0.5234172059397375]
[0.5612251113573793, -0.2964017951959179, 0.5864970274426443]
[0.5415862260533231, 0.10890984512604836, 0.5338454369622929]
[0.5384379608577872, 0.059142224550983544, 0.5234387793317828]
[0.5470493830166255, -0.2881039213089589, 0.5665863051557304]
[0.5578971244914835, -0.052441945210135996, 0.5047693954577802]
[0.5386214945389243, -0.4221064523036445, 0.5590598378302692]
[0.5407783835150788, -0.5032420574058084, 0.4570891746329486]
[0.5376205036002217, 0.2715465416579998, 0.5779867341778885]
[0.5652474621800876, -0.10783270304515624, 0.5600911326829261]
[0.516576591308409, -0.06946902463702903, 0.30201080074868003]
[0.5624787266361448, -0.047262724645748405, 0.30142482274798243]
[0.5251097402685074, -0.2949787206194336, 0.5822578227500315]
[0.5091593901799762, -0.045950041962332155, 0.6544160145848646]
[0.5336023590675474, -0.1713451326479149, 0.5997105072763151]
[0.5420628669003977, -0.2915192347269728, 0.5658587496942629]
[0.5579126330460887, -0.055364304678687526, 0.5061618145760381]
[0.5542491473110681, -0.10769018921444617, 0.5613425191266144]
[0.5155859035268797, -0.4149039481663746, 0.5571158938779083]
[0.539820104686878, -0.509790414639886, 0.46379627549284286]
[0.5336220194005457, 0.27150362542374284, 0.5786925725289056]
[0.5374196107964763, 0.06400267258708264, 0.5215626108693145]
[0.5236133015667258, -0.42121506610125725, 0.5569446174171647]
[0.5346426298258834, 0.2668846623012181, 0.5788827796864069]
[0.5216048206028578, -0.41881982520094185, 0.5579886182267995]
[0.5609098248217438, -0.055225516559068266, 0.505013566507917]
[0.5400404520867469, -0.28654913498308954, 0.5655374732521492]
[0.5180593275218905, -0.1813176700730174, 0.29835458798678005]
[0.5562471419751444, -0.1077203215756747, 0.5602325924650327]
[0.531644636749037, 0.2655889081739061, 0.5770159831018395]
[0.5408145280956477, -0.5085047374654593, 0.46381813467626076]
[0.49917752111449887, -0.050671052824717275, 0.6531675633299665]
[0.5291218231664053, -0.2974173449462235, 0.5829550436025952]
[0.5388050058614352, -0.5075516756246501, 0.461082025615403]
[0.5447921320897369, -0.5069258098063353, 0.455840484462262]
[0.540629418682619, -0.17628255335418946, 0.6024622718838482]
[0.540616740065927, -0.17339369012116793, 0.6024484781169477]
[0.5346326016106712, 0.2685605621136048, 0.577501392840869]
[0.56347818265952, -0.04720527457080201, 0.30126870313923443]
[0.544045555475249, -0.2874375843121577, 0.5661368057684812]
[0.5522548391187218, -0.109118565412336, 0.5610646637523892]
[0.5579062062552737, -0.05389993990270972, 0.5061548225155813]
[0.5306083904499906, -0.41904156769815337, 0.559270717187233]
[0.5181091286533555, -0.29479336039870996, 0.582401970709257]
[0.5368135209274524, -0.5083353833184177, 0.4637053338631123]
[0.5336220194005457, 0.27150362542374284, 0.5786925725289056]
[0.5316186709509894, -0.17401468171284004, 0.6020963308289491]
[0.5366395353061734, 0.26774413447698475, 0.5792149808639633]
[0.5218963316909394, 0.29902777397606956, 0.26783899280263956]
[4.239430451079358, -1.9883579260313355, 2.0527400834678424]
[0.5446405280469593, -0.42605313433572795, 0.5599230681647965]
[0.540033856702167, -0.28504635558030367, 0.5655302977692299]
[0.5367800773596935, -0.5030824567359935, 0.4583421832957103]
[0.5589125846861612, -0.055315836591854045, 0.5062401276038239]
[0.5220624295334046, -0.181715004816916, 0.2990307107741389]
[0.5462464273006465, -0.10759634488196936, 0.5602033686534124]
[0.48317570865948767, -0.05158913269630158, 0.6502649318283614]
[0.5266696053787613, 0.26012069260153814, 0.5775698563739002]
[0.5440667811079041, -0.29044096987850787, 0.5702842878614495]
[0.48516447886441794, -0.04878812764510598, 0.6507860350959397]
[0.5346304968554246, 0.2702585855628689, 0.5802407903068795]
[0.5248915887373369, 0.30045740119667175, 0.2686012755083253]
[0.5406284423904323, -0.17482456261754292, 0.6052413547592819]
[0.5652009399466246, -0.10975040299106928, 0.5614526124217861]
[0.5372483956933799, 0.3021495651061602, 0.514810821187127]
[0.5590479135246625, -0.0549997829688182, 0.5045621797148973]
[0.5341985856308118, 0.06256214207542102, 0.5191032032201284]
[0.5520156051194703, -0.1903522017130993, 0.2947319772697346]
[0.5346014028448817, 0.05824226660045176, 0.5218268854773196]
[0.524606744872913, -0.5109186896554847, 0.46599967288508454]
[0.5684786409616265, -0.11262100823687748, 0.5618946077834468]
[0.5633031643328893, -0.057583025121568904, 0.5048840592488776]
[0.5315328052455487, -0.18595308578366604, 0.29811009284286516]
[2.417831223733181, 0.32589761353182056, 1.4678439374749659]
[0.5297022495153965, -0.291401471505611, 0.5640570159345455]
[2.97947982698618, -0.3782454405193302, -0.20751577914742314]
[0.5052791050719463, 0.28931528845604937, 0.509226705659162]
[0.5205769045267177, -0.3010131459067501, 0.5807559455133728]
[0.4938052023251528, -0.41440716204100664, 0.5549350155915651]
[0.5228990846381448, -0.30441456174934833, 0.581125558260205]
[0.5183849309639025, -0.06476716294430633, 0.3045258445451383]
[0.57333610548074, 0.3083582063107014, 0.25872332120707187]
[0.5643317866779419, -0.11122109593884388, 0.5613168626261149]
[0.5111876098361791, 0.29062443784232456, 0.5110876225837532]
[0.5643004583002089, -0.05750605865854046, 0.504961080734632]
[0.5327705849742581, -0.29202420694390585, 0.5632065864641822]
[3.7775574449053053, 0.5439139803621984, 1.9750034623866197]
[3.3969350097027218, 0.3989093917434527, 1.8158113716309612]
[0.5153179610656234, -0.29844782145480775, 0.5798602451063262]
[0.5270610358807449, -0.4265353782982062, 0.5572489739221119]
[0.5451899205007185, -0.4379954863598147, 0.5585013162229032]
[0.5643317866779419, -0.11122109593884388, 0.5613168626261149]
[0.5691523478434098, -0.055658908377360816, 0.5053392113863868]
[0.5179051389164908, 0.2940569253654037, 0.5130479126728656]
[0.5326357531133524, -0.29053139477524115, 0.564514970991114]
[4.179888210441784, 2.6016129952859797, 2.0761624416741156]
[0.5286383338535426, -0.3012833512587166, 0.5821707725015628]
[0.5244574529645519, -0.18543073160757642, 0.2992972870457727]
[0.5261494761980091, -0.1756626878068327, 0.5992020438728634]
[0.5643338568024415, -0.11121427883790977, 0.5627057806302921]
[3.574916355469994, 1.8829644558064482, 1.9318340665466684]
[0.530531624533429, 0.29873724926506895, 0.5141965698945429]
[0.5652998067662353, -0.05742232655167938, 0.5064165363406733]
[0.5386081575265455, -0.18647543995975563, 0.2969228986399576]
[0.5210996502048697, -0.17534350267973378, 0.5995530224798172]
[3.9841341214697685, 2.5122234368655207, 2.0134051508924915]
[0.5396582343377128, 0.05786491031502167, 0.5223267377488048]
[0.5244074111158619, -0.29891747532225466, 0.5840760400128288]
[0.5305892243084165, -0.29012418526606226, 0.564204957360288]
[0.5255077901405115, -0.1686336219177509, 0.6018532555947745]
[2.9817357305102115, 0.493548399821294, 1.699582422255467]
[3.0362326029641427, 0.3947151670677253, 1.713730008961152]
[0.49837673128555493, -0.4361626660917269, 0.554913239911337]
[3.3318910111309483, 1.8345103251898978, 1.872121752451931]
[0.5687824831534882, -0.05635115635111604, 0.5087374099804203]
[0.5203398169652864, -0.3101046393212944, 0.5850233247749617]
[0.563025167808455, 0.3069226011072996, 0.5191393022593754]
[0.5442159119485134, -0.11095868218518315, 0.5617209725623048]
[0.5556605316257518, 0.06127314408923942, 0.52540335439148]
[0.5416960614464154, -0.11387166879415897, 0.5626150485487056]
[0.519111073544238, -0.3818157198191079, 0.5963121159517053]
[5.97839652510687, 3.8745186817755783, 1.0742013984710719]
[0.526351365488021, -0.2986014342066183, 0.5662920758970813]
[6.184925262717915, 4.053431011991696, 1.1183479575780801]
[2.4290933610247234, 1.9122921900833283, 1.6041714612274875]
[0.5258294428705061, -0.30134844019262397, 0.564886548966669]
[3.2274330003698, 0.5296954768594646, 1.8064598504119431]
[0.5500529135205834, 0.29997299758178675, 0.5179061614024931]
[0.5710356375354324, -0.05756877269040535, 0.5089085146178446]
[0.509254668858652, -0.4401121497798311, 0.5553389566217568]
[3.8343075728381706, 0.5254961668156615, 2.027311887478352]
[0.5713924575594109, 0.3028136899565031, 0.26171829831430826]
[0.508933173896249, -0.055328566367742485, 0.6582694515068219]
[6.187414384325375, 4.039553263964048, 1.1070980575599607]
[3.2677069299774932, 0.5374163240664158, 1.8090625147862884]
[0.5452238585165854, -0.11091121437282095, 0.5618703744009375]
[0.5409372808183922, -0.11531045392889672, 0.5611437133946887]
[0.5279065112891498, 0.29877051432071616, 0.5145159829380397]
[0.5452231389555724, 0.05717961018136253, 0.5256723362949707]
[0.5277505183171652, -0.44681000009490945, 0.559266645046365]
[0.5682628869547065, -0.05349473988693611, 0.5073569529874209]
[0.5500097226917309, -0.10927100880439018, 0.5626105247588324]
[0.5059470081914744, -0.05568323684515224, 0.6574465877409476]
[0.546991844377901, -0.11504916319553035, 0.5633770280290168]
[6.121994645590373, 3.9514757937243665, 1.077408815506352]
[0.5700386473919712, -0.057676056553982516, 0.5088264633858499]
[0.5168700832898305, -0.44287262710324776, 0.5564563157307785]
[6.114620135349502, 3.992470074810682, 1.0995792284279422]
[0.5258185884031064, -0.1829263999593899, 0.6040825995940501]
[0.5046249578734059, -0.05212821813487435, 0.31225912436096753]
[0.5369004559652782, -0.11548682576111827, 0.559225983844263]
[0.5009686552699653, -0.05628119209184412, 0.6547287790918974]
[0.5651815624363223, 0.3062239264982757, 0.5178585416890782]
[0.5381682325400814, -0.11124348905935635, 0.560824561530509]
[0.5204647306162947, -0.3836779962892445, 0.5965293848395683]
[0.5481399339816231, 0.05789711990247398, 0.5246067905766463]
[0.5690402261291325, -0.057790280225341426, 0.5073779545605783]
[0.5331888284994988, -0.44878793565342623, 0.5588506566786822]
[0.5624008081280296, 0.30474022349507085, 0.5175990326158997]
[3.349335653573768, 0.4460090422846948, 1.8338016424336512]
[3.631480219649608, 0.6008619809702951, 1.9416242919947009]
[0.5358915970599363, -0.11552923454777678, 0.5590781670958852]
[5.773408188727939, 3.7718214299079142, 1.074928847608611]
[0.5760305431566902, 0.305252202985446, 0.2607694395852439]
[0.5381668466802568, -0.11125020939376531, 0.5595013185429072]
[0.5534076573937595, -0.061776928523829835, 0.5077026031878795]
[3.396589520014268, 0.5409864722600005, 1.865050767774138]
[0.5300788258631174, -0.1883707482608538, 0.6046632024428686]
[0.5223698973530337, -0.11862483628110931, 0.5593668487967359]
[0.5268464320914957, -0.3098212227975452, 0.5663316353927073]
[3.8786965636958817, 3.0435447160568723, 0.06683800554935265]
[0.5180002733397212, -0.12162053809396138, 0.5573495804065658]
[0.5517810959152857, -0.06341525862864722, 0.5075414757967149]
[0.582337451879876, 0.30732846621904963, 0.5209984766295346]
[0.5141548537332842, -0.07891436632151777, 0.309428186297971]
[0.5081140168930349, -0.1974392747446117, 0.30264415570946235]
[0.5318646512470497, -0.1911166190140956, 0.6048919952915977]
[0.5499303197369777, 0.05373371404924521, 0.5271173127999944]
[2.938123876660825, 2.3056455242108607, 1.8579833179308332]
[0.5841284791037034, 0.31596626237111924, 0.5213132361551137]
[0.5031568195203255, -0.05756697578295303, 0.31266452252127774]
[3.7310802566804835, 2.896995619999978, 0.08080518906480244]
[0.5268015692812028, -0.11966746471107215, 0.5599917073915219]
[0.5738023047729031, 0.3044129281938449, 0.5202085082216373]
[0.5447815243330981, -0.0643585416641986, 0.5069538186089186]
[2.885369317762823, 2.248057690524033, 1.8330677965767699]
[0.525608169992748, -0.19099825627462763, 0.6023334803817173]
[0.5505134159253283, 0.05537720973484181, 0.5244833067494232]
[0.526439627719834, -0.11833111238111563, 0.5612576978090862]
[0.5214609801544916, -0.07529895286322465, 0.3093953396200164]
[0.5143806416479239, -0.1976123280821937, 0.30279252800014617]
[0.5119416252691293, -0.3046027093565157, 0.5628834813937176]
[0.4740692195504018, -0.313862116618227, 0.5764038178933384]
[0.5487812795229197, -0.06381952278674068, 0.5072896227162308]
[3.7863420454991608, 0.6028139511692677, 2.01512857246118]
[0.528736036306287, -0.1910606987584203, 0.6029744561481619]
[0.48608175510674767, -0.31608565294124524, 0.5786194099099506]
[0.4969837705139697, -0.19842037584419064, 0.304633654097509]
[0.545697516103356, 0.054048603176345605, 0.5266946606846612]
[0.5305086155834466, -0.11804385735510133, 0.5618824261853903]
[2.7546245198784205, 2.1721193972838284, 1.7713139271425262]
[0.5491711086042395, 0.05649767476039036, 0.5243756710080099]
[0.5491525132124373, -0.06518070791587514, 0.5072963595883916]
[3.3765694444465684, 0.5307193556112756, 1.8566616750480804]
[0.5245662897536645, -0.19097097879569355, 0.6033848549200369]
[2.6985269681331494, 2.081195404683987, 1.7483645407222297]
[0.5787416165698964, 0.3053082750882371, 0.5206509647926909]
[0.5508934610964592, 0.053993627427186386, 0.5258555029305023]
[2.7248447036684804, 2.1330276935289803, 1.7629992363824782]
[2.9504916812033297, 1.685523755984607, 1.7388103591022666]
[0.520172542175754, -0.0781828094691757, 0.308448984476003]
[0.5268023155678462, -0.11966096287467762, 0.561264279597688]
[0.487431251167176, -0.05822979627745885, 0.6551365772298925]
[3.794390006458058, 2.9347179545024416, 0.08293499165597862]
[0.4935402653697909, -0.38134685174392596, 0.5916517710112656]
[0.5486355408131913, -0.07087804016734311, 0.508460682592831]
[0.4816354715970157, -0.315323869954111, 0.5584739641404237]
[0.5145622799092541, -0.07550449447953513, 0.5053154946413219]
[0.4993975610588519, -0.1294667748103977, 0.5568378498734382]
[2.725445265400526, 2.178281491573149, 1.7843974596270111]
[2.553933925941647, 2.0187318742205043, 1.7102928007845095]
[0.5447493648508452, 0.05368810423993978, 0.5271675564590386]
[0.5068320409264092, -0.06711516896825755, 0.3146086323472624]
[0.5221495081428229, -0.07295979707083051, 0.5047764690471378]
[0.4889547509631972, -0.13295084463835313, 0.555074421912554]
[2.634686415818137, 2.0744691747421693, 1.739530579304607]
[4.189345458393659, 3.343754243100096, 0.04487164244966113]
[0.5404780280777525, 0.047934956456724964, 0.5278840611191472]
[0.5088959383453205, -0.19832060481402353, 0.5995153738278644]
[0.5033067959793287, -0.20494961341591106, 0.3049646727587035]
[0.5165764985039313, -0.0751849159084302, 0.5054905343426599]
[3.2483060933461374, 2.60418432412934, 0.12099880243315986]
[3.6560127276455616, 2.9083987486297747, 2.202744733504693]
[3.5804704288732885, 2.806664121494279, 2.1551656633136727]
[0.5433502151512759, 0.04881887061291909, 0.5282065658977679]
[0.5124677299575127, -0.07849572500958334, 0.5050657201537145]
[0.5110285339294799, -0.19832043324604748, 0.5999633700673956]
[0.5104510915770907, -0.07880874519250705, 0.5048906470710073]
[3.6331368845515186, 2.750804404160697, -0.5400920304522355]
[0.5361757974241506, 0.045147945638511267, 0.5273532403358185]
[3.160757283781187, 2.524837294894677, 1.9807219936008533]
[0.5036184094518246, -0.05839217043561776, 0.3170338622627422]
[3.3207421693555093, 2.6620505551404814, 0.11445323096909477]
[0.5261756035904157, -0.07230778591973719, 0.5063592216935836]
[0.5034154865354764, -0.1316873376783058, 0.5573349235595881]
[2.4978822699102965, 1.959582431781686, 1.6770871921945645]
[2.727776911260524, 2.1719619904836427, 1.7844296250910148]
[0.5115068265025001, -0.19961675808171842, 0.5999699681974138]
[0.5348083717060301, -0.06681820010661475, 0.5059596617970429]
