[0.5084993889523585, -0.08429362263495523, 0.551133019182199]
[0.5358516090559134, -0.11451939020560409, 0.5601248015265139]
[0.542673359048054, -0.053343660911700556, 0.5048532338082647]
[0.5905341572786379, -0.05026188106553338, 0.5071937875371159]
[0.5425101192441336, 0.05704761380020752, 0.5244767645738474]
[0.5239294084591665, 0.09231837055997974, 0.5172322583898092]
[0.5415862260533231, 0.10890984512604836, 0.5338454369622929]
[0.5629784546478325, -0.04723399960827521, 0.3013467629436084]
[0.5416071045590627, -0.06671289600408148, 0.302545551377133]
[0.5121091251230897, -0.0668705388396618, 0.31004169968667317]
[0.520952100294567, -0.19096657260409378, 0.300148256512507]
[0.5233939602141382, 0.2997425875863706, 0.2682201341554824]
[0.5735863687322804, 0.3054746997508835, 0.2604036863688747]
