0 0.565625 0.41953125 0.209375 0.23828125
0 0.440625 0.6015625 0.19609375 0.26953125
0 0.8109375 0.49296875 0.03359375 0.02578125
0 0.86328125 0.45078125 0.02109375 0.0625
0 0.76953125 0.73359375 0.05546875 0.0984375
0 0.7296875 0.7203125 0.02265625 0.0671875
0 0.7171875 0.78046875 0.0265625 0.10859375
0 0.67109375 0.77421875 0.03046875 0.125
0 0.6609375 0.6140625 0.04375 0.071875
0 0.5828125 0.6953125 0.02890625 0.0984375
0 0.5171875 0.71328125 0.03359375 0.10390625
0 0.4859375 0.590625 0.0640625 0.08828125